00100011001010001100010000011010011111000011010011
01001110010010111100110101101111101111011000100101
10000011111011111011010110110110010010111001011110
11111110110110011101110001001011010010111100000110
11011000100111001100101000010001111100110101110101
11101000101110010110010011110001001110011111101111
01000111110001100001001111011100110011111100100101
11100110101101100010000111001001001000010011000110
11010000010100011011111111100101100011010001010001
10011100111100010101111001111000010101001111001011
00110101101111101111011001000000011111011111011000
10111100101110000010000000011011101000011111101110
01011101001011000011010011010011101000001010001100
10001001010110001101000001111100110010110100110010
01101000111010001011101000000011010000001010100101
01101001111101001011101101100001011101001101001110
10000010100011001111101101110110111000111011110110
11100111010000100111100011000101000010011111011111
01000101110010110101100100111110110110011101110100
00010100011010100011110011100111011111100010011111
11111100001101010110010100001000111110011010111010
11110100000001001111010110110100000000111110101011
00001001111011100110011111101010110010110010111111
00100000011010110110101001100100110100011101000101
11001011001001001100100101100001110010100011001001
01100111010101000011100010011001010010101101110011
00111111000100110001100101100011100111010011111001
00011010001001110001000111010001101110001000000001
11100100101101001001110100010010000001101110011001
11111000100011101101001010001000111001010010100100
11110010110011010110111110111101100100000001111101
11110110111111111101110100010100110010011010000101
11000101111010100000001100111000000101011001010000
00110111001101101011011010000000111010011111011110
11011111111100011100011010011010011100111111101011
11110011100111011110101110100100011010100110010011
11001110001011111101111010111001011001011101001101
00111011111100010011111111111000011011100011100111
11100110011111101000001010001101010001100100111111
00111101001001100010001100101000011100111000101111
01010000000110101010010111100110011101000011111101
00000101000110011011101000111110001100011010011010
01110101101101000000001111111100000110101100101101
11011110110101011001010000100011111001101011101011
11010001011100101100100111100011000010100101111011
11110000111111011111110011111111111101111011100011
11010101111110111101000111110001100001001111011100
11001111110101101101010011111011111000001101010100
00111111011111110011111010111000101110101111011110
11001111101101011010110011111100011010100001001111
00101100110101101111101111011001000100110100000000
10000000110100001010100111101110011001111110000101
01100101101001010001011101011101110101011000101110
10000101110001011000010101001001100010001100101101
10101110111000111000101110101111100001100000010011
01111111111101001001100001011101000001010001100011
10011111000011010011010011100101100110101101111101
11101100100000001111101111101101011011011001000100
10111100000110110110010110011010110110001000011100
10100111100000010011011110010001011011010110110011
10111010111000010111010110100011111111101010110001
10100101101101010110010100001000111110011010111010
11110100010111001011001001111010101111110111101000
11111000110000100111101111111001111101011100010111
01010101010011110111001100111111010000010100011000
01010110010110100101000011100101001111011100101110
10100010001111011110110111001011101000001010001101
01010010111101111011110000011001110100001011101110
01100111111010101100101101000001110011010000000001
10101101100001011101110010101011001101011011111010
00000011111101010001101110000010111010111000010111
01111100101000010010000100100001001000010001100101
00011010010011101101110110110110010111010011010011
10010110011010110111110111101100100000001111101111
10110101011110011011001110000001101000001111101010
10000111111001110001110101010100101011010001001110
10000010100011000011100011111100111001110001000010
00100101000100101000100101001010100111101010001101
11000001011101000001010001101111011101111100110101
01001011101001101001110111111111101110100010100110
01001101000010111001011111101010100101110111001011
10010010110000111011000011001111010110000000011110
01001011010010000100010010100010010100010000100010
00000010011110001001011001110010100101111111111110
10101000110010010110100100001000100101000100101000
10000010110010000000100111101110011001111110010010
11001110101010000111000100110010100101011001001011
01001000010001001010001001010001000011100001000000
01001001100010001100101000010100011000011100011111
10011100111011111111110111010001010011001001101000
01011101010011001101011111100101000011111101001011
01101010110010110011000010101100010110110011101110
11111100010011111111111000011010100011011100000101
11010100100111011000011001111010111011100110011111
10101001111001000101111110011100101001111011101111
01111010011010001101101100111011101111100101000001
10101110100010011101010100110001110100000011011111
10011100110100110111111000001010100111100101001011
11000110001101111110010110011000100101011101110011
00111111011111011111101111111010000000101010011110
11100110011111100101000011001111110010000000101010
11110011101000010101001001100010010111111010000000
00111101000101101000000010011110010110011010110111
11011110110010000000111110111110110111111111101110
10001010011001001101000010111000010100001001111101
01000000001111110100010011101011011010101111101111
10011110001101110110101000110110111100011000111110
01100111010001101001101001110101001000111010001111
10001100001010100111100101111110101010010111011100
10111010100001011011110001001110010100101111000111
01101100111011100100101101001001110110110011111100
01000111111100111000000010011110001000010001001010
00100101000100111011100001000000010011110010001011
10101001110010111000111101001011101011101101101100
11101110010010110100100011101000110111000100000000
11010011110001000010001001010001001010001001110101
00100000001001111011111100101100110001001110010100
10111100011101101100111011100100101101001001100011
00101100011100111010011111001000010011110001000010
00100101000100111000001001010001000000010011110111
00110011111100101001011001001110000010001001010011
00100110100011010100001011011110001001110010010110
10010001110110100101000100011100101001010010011110
00100001000100101000100111000001001110101001000000
01001001100010001110010111111100111001010011110010
11001101011011111011110110010000000111110111110110
11111111110111010001010011001001101000010111011100
01100011000101101101110100101111100111001110011111
01110100000000011010100001001111010101111010000000
01110110110011101110100010011100111110111010011010
01000001100001101000110101101101000000001100001011
00001011101110011001111110011110000100010010111010
01111101111110010110111010101010100111101110011001
11111010000010100001110011100010111101010000000110
01110100111001101000101101101000100111000101111010
10000000110011100010111111011110101110010110010111
01001101001110111010101100010111010000000110111110
01010000011010111010100011001001111110011111010001
10110111100001001001100010001011010110101100100110
11111011011001110111010001001110010010111100011101
00010110101100011100100111101110010111010011010011
10001000010001001010001000010001000001011010011110
10000010100000110001101110001100011011101111111111
11001110010010011011011010001110100000011110011100
11100010000111000100100001001110100101100111000101
11111011110101110010110110010110011010110111110111
10110010000000111110111110110111110010100000110101
11001110111110100101110001110111101111001110010100
11110111010101101011001111110011010001011011001110
11101010011001001111000100111010100100111000001001
11011111110100110100111010000010100011010100011001
00111111001111110111111100111111111111011110111010
00101110010110010010000100100001001000010010111110
11000011010011010011101000001010001100100010010101
10001100101101101110101101011101001101110101111001
10100011010110100011111111101010110000101110100110
10011100101100110101101111101111011001000000011111
01111101101011010111010111000010111010000011111001
10010110100110010011010001110100010111001011011010
01101001110101101101000000001111111100000110101100
10110111011110110101011001010000100011111001101011
10101111010001011100101100100100110001000011000001
01001100100110001101000001010001101110011111010000
00001101000110100110100111001011001101011011111011
11011001000000011111011111001001111010101100101000
01000111110011010111010111101000101110010110110101
00011110010111011111100111011010001110001110111111
00111001110111101011010001011100000001111110100010
01110101001111010101000001000100100010010010001001
01001111010101000110101101101000000001111101010110
00101110010110010101001111011111100101100101100001
10101011110111101111001010100111101110011001111110
00001000111010111111001010100100110010010111100110
10110111110111101100100000001111101111101100010111
10010111001000111001111000110101011001010000100011
11100110101110101111010001011100101101101010011110
01011000000001101001111001000100100110001101010110
01011010100000000110101100001101000010011110111001
10011111100100010010011000110111010101101010000101
01011011011100011110000010011110111011110111101001
10100011011011001110111011111100010011111111111000
01101000100111010101100101100110000101011000110101
00011011100000101110100110000010100000110101110111
00011100111111001100111111010000010100011010100011
00100111111001111110101101101100011000111011110110
10001011010000000100100110001001100100011000101111
00101110111011110010110011101010100101111001100111
01000011111101000001010001100110111010001111100011
00011010011010011101010110010100001000111110011010
11101011110100010111001011001001111001010010110111
01001100010110110011101110101001001110010100011010
10011001001101000111011110010011110100101100000010
00100101000111100111001110101011001010000100011111
00110101110101111010001011100101101101000100111010
11011010100110010011010001110111100100111101000101
00011001001000100101000111100111001110101011001010
00010001111100110101110101111010001011100101100100
10011000100000100010100000110101110101011110011011
00101001011110001100011010000010100010110011110100
00010110011111100111010010110000101010011110101001
00000011110101101100111010101010011110111001100111
11100000010011011111110000011101100001101010100001
01110101000110111000001011101110110101000110110111
10001101110111110011111011000011010101000010011110
11100110011111101000001010000111001110101011110011
01100011000101010001011101000000011010110100001000
00001111101111101000000110101001000000011110111000
11101010101001010110101001001110010100011010011000
00101000001101010100100110001000110010110110101110
00101111001011100100011100111100011010101100101000
01000111110011010111010111101000101110010110110010
00100100110001101011011010000000011111010101100010
11101000000011011100110011111101111111110001110001
01110101101111111111101000100100110111001010011110
10100110010101100000000111011011001110111011101100
10100001100101000110100110100111010101100101000010
00111110011010111000011100111011100110011111101010
11001011001100001010110001011100101101101110010001
00101100111011101111100101000001101010100100001001
00001001000100101111001101011011111011110110010000
00011111011111011000101111001011101110111100101100
11100000010011011111111110011001111000011111101000
00101000110010110101100111111100011010011010011101
01101101000000001111111100000110101100101101110111
10110001100011110111010001011100101100101001011011
11111101010100111101110111101111010011010001101101
10011101110111111000100111111111110000110100010011
10101011001011001100001010110001101010001101110000
01011101001100000101000001101011101010001001011001
11001010010111100011000110010110110100010111111011
10001111010110110100000000110000101100001010100111
10101000011101111011111000001010100111101001001111
00000010011011111110000011101100001101010100001010
10011110001100001110111100011011111111000001010101
11010011010011100111010001001011101001111101111110
01011011101011101111010011010111101000101110010110
01001001100100101100100100111100000010011011110010
00111111111100000100111101001011011110101101100001
10101011001010000100011111001101011100010110000101
11010101000011010000000011000011111101110001110011
11110011001111110001011001011100001110001011000010
10100111100101111111100100111000010101001111001000
11111001011011101010100111101001001111001011001101
01101111101111011010101111011111001010000101110001
01111010100000001100000100000000110111010000111111
01001011011001011001101011011111011110110010000000
11111011111011011111111110111010001010011001001101
00001010100111100111000001110110110011101101101100
11101110100010010111010001000001010000011110111111
00010011111111111000011010100100111001010001100111
11011101001101001000001100001101000110111111111000
11100001011101001101001110100000101000110101000110
01001111110011110100100110001000110010100001010001
10101011001010000100011111001101011100010110000101
11011111100111001101000010110111100011011101100101
00001100101000110100110100111001110000001111010010
11001110110110110011101110111001100111111001011111
10111111111111100100111000110101001100100111101111
10010100000110101010011110111001100111111010000010
10000111001110101011110011011001110000001101111111
11000111000101110101111110111101110001111110011100
11101010000111011110111110111001110001111000011010
10011001001111001000111000110111011011011011101111
01011001001111000011111100111010011100111111011111
10101110101000100101100111001000111001110011100110
10011000110001011110101000000011011101010110101000
01010101110100010011100101101101000101111110111000
11110101011001010000100011111001101011100010110000
10111010110110110100000101000101100111101001101001
10100111110101101100001101111010111010000000010101
00100110001001100011011011100111101111101110001011
10010110010011110010110011010110111110111101100100
00000111110111110110001011110010111001000111001111
00011010111000110000111001011011000001111010100110
01001111011111100010011111111111000011010001001110
01000111010110110100011101011011011011110100101100
11101001000100011111011010110001110011010101000110
00110001111011101000101110010110010100101101111111
10101010011110101000100101000100000101000001111010
10001101110000010111010100100111011000011001111010
10100111101010011110010001011111100111001010011110
10010011110001110010100011100110100010111010111011
11111110001110000110000001101010100111100111000011
10011101111110011100110100001011011111011011001110
11101110110111111111101110100010100110010011010001
10101001100100111100011000011101111110111101110001
11101010110010100001000111110011010111010111101000
10111001011011011100110011111100101001011110001110
11011001110101001000010010000100100001001011110100
11010001000101000000000110100111101000001010001101
01101000111111111010101100011010011010011100101100
11010110111110111101100100000001111101111101101001
01101101011011010000000011111111000001101011001011
01110111101101010110010100001000111110011010111010
11110100010111001011011010110101110011010011000110
00001101000101100110001111001110011101111111001010
11011100010111010000000010010011000100111001001110
11100010111010101011101110001101110111111000011010
00001011110100011001011001101011011111011110110010
00000011111011111011000101111001011101111000001111
11010001001110111011001111000101011111010110110000
11010110110110101001111010101000001000100100010010
01000100101001111010101000110101011001010000100011
11100110101110101111010001011100101100100111101010
00110111000001011101111110001001111111111100001100
10111111100001100111110110110011101110010001001001
10001101000101101000000110100101101101000001010001
01100111101111110010110010110000010111011100110011
11110111100000101010111010001011010000001101011011
01000000001111101010110001011011001110111010100011
01110000010111010011000001010000011010111010110110
11011111100000110101100101100100100110001000110010
11011010111010101111001101101111000011100111111010
00100111010100100000011110101101100111010101110100
11010011101111010010110000111101011011000001010101
11011100110011111101011010110011111011101000101110
01011001001111011100101110100101101111010110110000
11010110110100000000111110101011000101110010110010
11101110001100011010011010011000000011011001011111
10111111000001110100110111010110111110111101101110
01100111111011110111010101010010101101000001010001
10000010001001100010111001011011101111011001111000
11111110000010111010011010011101010011110101010000
01000100100010010010001001010011110101010001101011
01101000000001111101010110001011100101100101010010
01100010011000110110111001111011111011100010111001
01100100111100101100110101101111101111011001000000
01111101111101101010111100110110111100001110011111
10100010011101010110010100001000111110011010111010
11110100010111001011011001110000011000111001001010
01111100110100010110010101001111011100101110100000
10100011010110110101001100100110100011101111011001
10111010001111100011000110100110100111010010110111
10101101100001101010110010100001000111110011010111
01011110100010111001011011010101111001101101111000
01110011111101000100111001000101101011111100110011
11000001101011000111001100111110110110011101010111
01110011001111110010001011010110110110100000000111
11111001100010001110100010111001011001010100100110
01001011001001001111000000100110111100100011111111
11000001001111010000000010011011000001000100011100
01110010100001111110101011001010000100011111001101
01110101111010001011100101101101001011011001011001
10101101111101111011001000000011111011111011011110
11101010101001010010111010000010100011001101001011
01010000000001101110001110111101101010111111000001
01110010010110101011111101010100101110111001011101
00010010110000110100110100111010100001001101110101
00001001111010100111101010110111110111101100000010
01101111111001100001010101101110010110010101001111
01110011001111110011100010010111101110011101111011
10011001110111111011100111010000010000001101000001
01111010001101110001100011000001010101000011010001
01111101111011010100110010011110000101001101001000
10101100010111010000000110101011001010000100011111
00110101110101111010001011100101100100111100100011
10010010101011011001110111010111000110000111001011
01100000111101010011001001111001000000010101011110
01110100001011101000100111001110000001100100010110
10110110110100000000111111110011000100000001111010
01000010010000100100001000101011010011000001010000
01111010110100011111111101010110001101001101001110
01011001101011011111011110110010000000111110111110
11010110101110101110000101110001110011111000011010
11011011001010010111101111111011011001110111011111
11001111111111110111101110001111010101111110111101
00011111000110000100100110010010111100110101101111
10111101100100000001111101111101101111111111011101
00010100110010011010000101110001011110101000000011
00111000000101011001010000001101111111001101000100
00011101001111110111101100111100111011101000000000
11010111010011010011101010111111011110100011111000
11111011110110100000110000110011110101010011110101
10110101001111101111100000110101011011011001110111
01010011110010100101101110010110010011110010001111
10010110111010101001111011100011100001001111011100
11001111110000011010000000011100011101011011001000
00001101000010010011000100000111010110011111011110
11010101001011110111101111000001100111010000101010
01111001000000010000000101010011110111001100111111
01000001100001100111101011100101111111001100011100
11111100011111011111110110111111110011100111010010
11011001011001101011011111011110110010000000111110
11111001001111000110001110101010010110110110011101
11001000101111110111101011100101100101110100110100
11101111110001001111111111100001101011011011011101
10010100101100100111000110111111000001110111001011
11110100110100111010001011010000000100100110010010
11001001001111000000100110111100100011111111110000
01001111010000010100011000100001111001001100101010
00110001000011001111101010101001010000100011000100
11100100101111011110111100000110011101000001000011
11110010010110100100001000100101000100111000001000
01110000100000001001111010100010010110111010100101
11011101011010000000111111010001001110001111101011
01010001101110101000111100011000011000001010101110
11100110011111101010011111100110011110101110101001
10010011110111001000011100110011000001110011111110
01011011101011101111011101000000001111101111011001
01101011111000000111001010110110101110010010110100
10001010010011101100010010111001000000110001100001
01000111000111010100101010011110101000100001101000
11010100001011001111101111011010010110110010110011
01011011111011110110010000000111110111110010011110
10100011011100000101110010001011111101111010111001
01100101110100110100111011111100010011111111111000
01101110001110011111100110011111101000001010001101
01000110010011111100111111011111111100011100010111
01011011111111111010001011011001110101001001100100
10111101101000101111110111000111111001110010100111
10001000111011010010100010001110010100101011000101
11100101110011100000010101100101000000110111011001
00011100010000110110010011110111111111101110100010
10011001001101000110101001100100111100111110110101
10101100110100000000011101101100111011100110000101
00011100100011111001011011101010100111101010001101
11000001011100100011100110011100111001011001011001
11010101110011100000010101100101000101101100111011
10001011011100001011101110101001100000000111100111
01100110110110011101110101000010110011111011110110
10010110110100000101000110111111111101110100010100
11001001101000010010011001001011110011010110111110
11110110010000000111110111110110001011110010111011
10111100101100111001110110111010000000011011000111
01101010001101000100111011101100110000101000111001
11010000110000001111101000101110010110110100110100
11101010111111011110100011111000111110111101101011
01101010011111011111000001101010100000110101010011
11001011111101010100101110111001011100101100110101
10111110111101100100000001111101111101101010100011
11000001110000011101110001011000010111011100110011
11110101011001011010000000110100011010101001100011
10100010010011010101001111010100010010110011100010
11110101000000011011101100101101101110101101011101
00110111010111100110100011010110100011111111101010
11000110100101101101000001010001101000111001011000
00001011101110011001111110111111001100010100100000
11000011010101000010111010011010011101000001010001
01100111101010011001111101111010011010001000001101
01010010000100100001001000100101111001101011011111
01111011001000000011111011111011000101111001011101
11011110010110011100111100001000100110101001111101
00010110010011110000111111010101111110111101000111
11000111110111101101111110011100101111111110101011
00010111001011001001111011101111011110100110100011
01101100111011101110011001110011001011000011010100
01101110000010111011100110110101101101000000001101
10000100011010101100101100110000101011000101110010
11011010001001110101010011000111010000001101110011
00111111001010010111100011000110101011001011010000
00011010000100100110001001100011011010000010100011
01111111110010110000100111101010111111011110100011
11100011111011110110111111001110010111111111010101
10001011100101101101010001111001011100111110010100
01011011011101000000011111100111000011100111011101
10010101000111011110111101100110111110010000111000
00000111101001101001110011101111010000000100101000
00001111110000011010101001111001011111101010100101
11011100101110001100010101100100110111111011110111
00111000000111100101010011110101001101111110010001
10010110001111100111110111001010101001111011100110
01111110111111111110011100011110101101010010110110
11001110111000101100111111001010000101010010011000
10001110010111111100111001010011110010110011010110
11111011110110010000000111110111110110111111111101
11010001010011001001101000010111011101111011110100
11010001110100100110111110110110111000110111001110
11111100010011111111111000011010001001110101010011
00011101000000110111001100111111001010010111100011
00011001000111110010110111010101001111010100001011
01111000100101010100111101110001110000100111101110
01100111111010100010011101110001011011001110111010
10001101110000010111011101100111011111010010111000
11101111011011101111100111110110000110101010000100
11110101000110111000001011001111110100011010000010
10001100110000000011111101010011001001111010000011
11100111110111000101110010110111011110110011101111
01000000010010100000001111110000011010101001001100
01000110010110110101110001011110010111001110110111
01000000001101100011101101010001101000100111011101
10010001001001100011001111101110100000000011010100
01101110011001111110101101101010111110111110010110
11101000000011010101111110111101000111110001111101
11101101111011100110011110101101011110111111000010
01111010100011011100000101110101000010011011101010
00010111011100110011111101111110000011010111111100
01010110001011101000000001011101000001011110100011
01010001000001100011011111100110001010000101110011
11110010111110011100111001000111000110111011011011
01110111101011001001111000011111100110100110100011
10011100000010110110011101110001010001110001101111
01001001100100101100100100111100000010011011110010
00111111111100000100111101011011001111000111111000
01100111100001101000110010001111100101101110101101
11110011001011101010111100110110111111001110010100
01001100000011010000010100010110011110010001111100
10110111010111010010110110010110011010110111110111
10110010000000111110111110010011110001100011101010
10010110110110011101110101001111001100101110111000
11100111111001100111111010000010100011010100011001
00111111001111110101000110111000001011001111110100
01101000001010001100101111110111111111111100100111
00011010011010011101110110001100010101100100110111
11101111011100111000000111100100100110010010111101
10100010111111011100011111100111001010011110111000
11100010110101100001011101110011001111110101000100
11101110000000011010111010101111001101100101001011
11000110001101000001010001011001111010100011001001
10100101011010010110110010110011010110111110111101
10010000000111110111110010011110011101111010110110
10110110011101110001100010101100101110101101011100
01011100101101101110011001111110011100011111010111
11100111110110110011101110111011010100110011111011
11010011010001101101100111010100100001001000010010
00010010111101001101000100010100000000011010011110
01011001101011011111011110110010000000111110111110
11010110110101001111101111100000110101010001101001
01101101111111001111111111110111101110001111010101
11111011110100011111000110001101110111100101100111
00010111100101110101110000101110011110011111010100
01011100011101010101001010010101001001100010011100
10011101110001011101010101110111000110111011111100
00110100000101111010001100101100110101101111101111
01100100000001111101111101101111110011100101000100
11000000010111011101101010111111011110100011111000
11000110100110100111001011111101111110000011101001
10111010110111110111101011100001110011101110011001
11111010110110010110001110011010001100111010011111
01000101110100110111010111101000101110010110010011
11010100011011100000101110111110010100000110101110
01010000000100101010110110011101110111101011010010
10000010101001111010101100101000010000000110100001
01010011110111001100111111001010010111100011000010
11101110010111011101101010011001001101000110100110
10011101010000111011110101101111111010001011100101
10010010011000100011001011011010111010101111001101
10111100001110011111101000100111010000010100011010
10100110001110100010111001011011010011010011101010
11001011010000000110100011010000010111101000110101
10101110011110000101101101110101100000111111010001
00111001110000001101010000101100111110111101100011
11101000001010000011110100000101111001101100100000
01110011010110110011101101001111110111100100111101
11001100111111010111000110101011110011011011111100
11000010101011111100011000110111110010100000110101
11010001001110101011001011010100110010011010001101
00010011101111111001111111111110111101110001111010
00001100001100111101011101110011001111110101101111
00011101111001010100100110001001100011011011100111
10111110111000101110010110010011110010110011010110
11111011110110010000000111110111110110101011110011
01101010110010110100000111011011100011111010000001
10100010011101000001010001100101111111001100011100
11111101001101001110001011110001101000101001111110
11110110101011111101111010001111100011111011110110
01101001001101000010101001111001011111101010100101
11011100101110011100010010111101110011100101001011
11001000101101100111010100111101010101110010111000
00000110111000111110111101111001110011011011001110
10100111101110011001111110100000101000110100101110
00001000011010001010110001011101001101110101111010
00101110010110110100110100111010100011001010000000
11001001001100010001100101000110000010001111110010
11110010110110101110100101101101110111111111111000
11100011111001101010100011011100110011111101111111
00111111111111011110111000111011100001110011101001
01101100101100110101101111101111011001000000011111
01111101101010111100110110111011110010110011100010
11110101000000011001100000111011110100010111010000
00011010110100011111111101010110000101110100101101
10100000101000110010100011110101001001000100000010
11000000000010001101110011001111110010000000110100
01110111101100010100011101111010000010111010011010
01110111110010100000110101010011110111111111000111
00010111010111111011110111000111111001110011100111
00110011111100110011101110111111000100111111111110
00001001000010010000100100010010111100110101101111
10111101100100000001111101111101100010111100101110
11101111001011001110001011110011111101110110111111
00111001101001100111111001100111111010110100011111
11110101011000110100101101101111111001111101011100
01011101011110111101100111110110101101011001111110
00110101000110111001100111111001011001101011011111
01111011001000100110100000000100000001101000010101
00100110001001100011011010000010100011011111111100
10110000100111101111111001111101011100010111010111
10111101101010110010100001000111110011010111010111
10100010111001011011010100011110010111011111100111
01101000111000111011111100111001110101011001011010
00001110011111011110000011111100111000011100111011
11111001111101011100010111010111101111011011111111
10001110001011000010101001111001110110011010000000
00110110010000000110100001010100111101110011001111
11001000111010110110010110000011000111001000110010
00000011111011111011010011111101000111100001000010
10100100110010010111100110101101111101111011001000
00001111101111101100010111100101110101010010111100
11001110100001111110100000101101101010100111101110
11110111101001101000110110110011101110100100110111
11011011011100011011100111011111100010011111111111
00001101000100111011111111100011100010111010110111
11111111010000001101011011011011111110011111010111
00010111010111101111011001111101101011010110011111
10001101010000100111100101001011110001100011010000
01010001011001111010011111111011011010111001011001
01010011110111001100111111000101100111110011111101
00000101100101010001101011011011011111110011010001
00000111101110101011010110011111100110100011100111
00011110000010010011000100110010001100010111100101
11011101111001011001110111111001110011010000101101
11100001111110111011011111111110111010001010011001
00110100011010100110010011110010110011010110111110
11110110010001001101000000001000000011010000101110
10001001110100100110111011110011010110010011110001
10111001100111111001000100101110001011111101011001
00111100001001111011101111011110100110100011011011
00111011101110101011000101110100001011010110000101
11010001001110010111111100110001110011111101000001
01000101100111100100000001010101111001110100011010
00100111011101101010001101101111000110111011111001
11110110000110101010001101110011001111110101011001
10010011011111011011011101000000110111010101100010
11100101100101010010011001001011001001001111000000
10011011110010001111111111000001001111010000010100
01100010001010011111001110001100100101111111110011
10110110011101110010010110100100001000100101000100
11100000100101000100010000100001000100101000100111
00000100001000100000001001111011101100101000001110
11000010111010011010011101111110011100100100010001
11100001000100110101001111101010101110011101111101
11111001110110101101101100111010101110101101101101
00000101000110001001011010110111101111111100001100
01000011101111001011000110111001100111111000100111
01000010010011100000101110001000101101001001110111
01011110010011110101000111100101110111101110001101
11010001111001110011101001001101110111100110101100
10011110000111111011100110011111100100010010111000
10111111010110010011110000111111010000010100111001
11111001110100101110010110011010110111110111101100
10000000111110111110110111111111101110100010100110
01001101000010101001001100100101111011010001011111
10111000111111001110010100111101000001010001100010
01110111100010010110000001000111001100111001000100
11010000000010000000110100001001111010100010010110
11101010010111011101011010000000111111010001001110
00111110101101010001101110101000111100011000011000
00101010111011100111000100111111010001100101000001
00110111111011101111011000101111000111110010101010
10000000110100011011100110011111101110010101011110
11111011110100001001111001110111101011011000001111
11001000100101000000011010001111100100011010010110
11001011001101011011111011110110010000000111110111
11001001111010100011011100000101110010001011111101
11101011100101100101110100110100111011111100010011
11111111100001100101001011110001110110110011101110
10000010100010110011110010110001001001110110000101
11011100110011111100111100001000111001100111110110
11001110111010101001011110011001110100001001000010
01000010010001001011110011010110111110111101100100
00000111110111110110001011110010111011101111001011
00111010110110101010011000111001010000111111011111
11001111101011100010111010111101111011011111111100
01110001011101011011111111111010001011100101100100
11110111111111000111000101110101111110111101110001
11111001110011101110010001001011001110111001110011
00111111001100111011101111110001001111111111100000
10010011000100111011011001111110011001110111011111
10001001111111111100000100111101010001001011001110
11100011000110010001001001100011011110101101001010
00011110011100111010001001110111110010100011001011
00110101101111101111011001000000011111011111011010
00001011110011011010011111001111000001111001110100
00110000001111101000101110010110010101001111011100
01100011011111001011011011001110111010000010100001
01000110111111111101110100010100110010011010000101
11010001001110000011001110111100111010001101010001
10111000001011101111111001111101011100010111010111
10111101101011010101011111100000101010011110101000
01001100000001001111011100110011111101111111110001
11000101110101101111111111101000000110101101101101
11111100111110101110001011101011110111101101111110
01110011000000010110000101010010011001001011001001
00111100000010011011110010001111111111000001001111
01011011011010000010100011000100001000100101000100
00100010010101100010000010001001000100101110100100
11011111100110000101101101111000011010001011111011
11011000011110000101011000101110010110010011110010
11001101011011111011110110010000000111110111110110
11111111110111001110010000111111011101100100101000
00111001110001110011111000011010110110110010001001
01110001011111101011001001111101101100111011100111
00110011111100110011101110101000010011000000001101
01010011110101000110111000001011100100011100110011
10011100111001100111111001100111011101111110001001
11111111110000110111110010110110110011101110111111
11110111010001010011001001101000010111001011111101
01010010111011100101110001000111011010010100010001
11001010010101101110011001111110001001100011001011
00011100111010011111001000110100010011100101001011
11000110001101011011010100110010011010001110100010
11100101101101110011100010011111101000110100000101
00011000011110000101011000101110010110110111001100
11111100000110101011001111110001111100111010001101
00110000010100000110101110100010011101010000100110
00000010010011001001011110011010110111110111101100
10000000111110111110110001011110010111011101111001
01100111001000111001111000110101110001100001110010
11011000001111010100110010011110111111100111110101
11000101110101111011110110101011110011001111101101
11111101000000010111010001001110101011001011001100
00101011000110101000110111000001011101010000100110
00000001101010100111101110111101111010011010001101
10110011101110100000101000010001101000100111001110
00011100111111111100101010111010000011111001111101
11000101110010110111011110110010000000111110111110
11010011111101000111100001000010111011100110011111
10101011001010000100011111001101011101011110100000
01100111110110011000101011000111100111001110101000
11011100000101110100000101000110111111111110011100
01111010111010101001000010010000100100001001011110
10011010001000101000000000110100111101000001010001
10101101000111111111010101100011010011010011100101
10011010110111110111101100100000001111101111101101
00101101101111111001111101011100010111010101011101
01101011100110100110001101010001101110000010110011
11110100011010101100101101000001110011010000000001
10101011100101001001100010010111110110000110100110
10011101000001010001100100010010101100011001011011
01110101101011101001101110101111001101000110101011
00101101010100000110110010111010110101110100000101
00011001011111110011000111001111110100110100111001
00010110101101101101010011001001101000111010001011
10010110110111001100111111001111101101011011011010
10011001001101000111010001011100101101101001011011
00101100110101101111101111011001000000011111011111
01101111111111011101000101001100100110100001010100
10011000100101101011010110110110101001100100110100
01110100010111001011011000110001010010000011010111
01000100111010100111101111001010001101001001111010
11011011101010110101111110001111101000000110101101
10101001100100110100011101000101110010110110100000
10111101000110101101011100101111111001100011100111
11101111100110101101101000000011010001011100101101
11011110111100111001010011110101000100101101111110
00011001111101101011011011010100110010011010001110
10001011100101101100011000101001000001101011101000
10011101010011110111100101000110101101101010011001
00110100011101000101110010110110100000101111010001
10101101011100101111111001100011100111111010110110
10000000110100010111001011011101111011110011100111
01000100111001111000101010001011101000000011010010
01111001000111001101011111111111110111101110100000
00100100110010010111100110101101111101111011001000
00001111101111101101111111111011101000101001100100
11010000101110111000110001101111111110001110001011
10101111110111101110001111110011100111010100001111
10111100110000001111100111000111100001101000100111
01000001010001100101111111001100011100111111010011
01001110010001011010110110110101001100100110100011
10100010111001011011011100110011111100111110110101
10110110101001100100110100011101000101110010110010
01111011100101110101011001011010000000110100011010
10111100110110011100000011001010010111100011000011
11110001111101111111011011111111001110011101110011
00111111010100011011011110001111001110010100111101
11001100111111010111000110101011110011011001110000
00110011111011101001101001101110101111110111101000
11010100110010011110111110010100000110101110100010
01110101000000000111011101001011100111010000010100
01101110101011010111111000111110101010111001110100
11010011101011011010100110010011010001110100010111
00101100100100110001000110010100011001011111110011
00011100111111010011010011100100010110101101101101
01001100100110100011101000101110010110110111001100
11111100111110110101101101101010011001001101000111
01000101110010110110100101101100101100110101101111
10111101100100000001111101111101100010111100101110
01110000000000110110111101011011001001010000011111
10100010011101110110001111100110011101000110100110
10011100110000011101111010001011101000000011010011
11110100010101100101000000010101001111010110110101
01111101111100111110110110011101110100000101000110
00000111001010110111001011011010011010011101000001
11111100101100011010110110110011110000100010011010
10011111010001011101011101011011001011000101110001
11110100010111001011001010100111101000001010001101
11111100111110111000111011001001111111010001011100
10110110100110100111011111110011111010111000101110
10111101111011001111101101011010110011111100011010
10000100111101110011001111110100000101000110101101
10101011011100000001000000011010001101001101001110
10100001011100111110000011010101000010010011001001
01100100100111100000010011011110010001111111111000
00100111100111111111000111011011001110111010000010
10001100010000100010010100010011100000100111010111
00010000010001001000100101110100100110111111001100
00101101101111000011010001011111011110110000111100
00101011000101110010110010011110100000101000001100
01101010001111001011101010001101101111000010111111
10011000111001111110010111111100110001110011111101
00110100111001111101101011011011010100110010011010
00111010001011100101101101001011011001011001101011
01111101111011001000000011111011111001001111010100
01101110000010111010100110010011000101101110101101
10111010101100010010011010111011111001011011011001
11011101111111111011101000101001100100110100001011
10010111111010101001011101110010111001001011001110
10101000011100010011001010010101101110011001111110
00100011101000110111000100000000111101000100111010
11011010100111110111110000011010101000110100000101
00011000011110000101011000101110010110110100111111
01000101011001010000000100100001001000010010000100
01010110100110000010100000111101010110010110101010
00001101101101011010111010000010100011000111001111
10000110100110100111001011001101011011111011110110
01000000011111011111011010110110110111111100111110
10111000101110101111011110110111111100111110111000
11101100100111111101000101110010110010010011001001
01111001101011011111011110110010000000111110111110
11011111111110111010001010011001001101000010111011
11100101000110111011110011101100100111011100000101
01000010111010001001110111111000001101011001011011
10111101011001001111000110101011001011010000000110
10001101010011001001111011111001010000011010101001
11100101001011001101000110110110011101110100000101
00001000110101011001011010000000110100011010000010
11110100011010110101110111101011010010100001111001
11001110100010011100111000000110100110100111010110
11010000000011000010110001101000100111010000010100
00100011001110001110010100001111110100101101101000
00101000101100111101111111110010110001100111000000
00101111010100001011100100110100100110001000110010
11011010111010101111001101101010100110001110100000
01100010000111100010101001011001110101010010111100
10000111000000001101010010000111111010010011110001
00001111101001101111110100000000111100111000111110
01110000111000111100000101010011001000011111101010
00100101000001100011011111001010000011010111011100
01100011010010110111100111001110000001001101111111
10010101000011111101000100111010110110101001100100
11010001110100010111001011011011100110011111101001
11111110110110101110010110010111010000010111101000
11011101111010110111010110110101000110111000001011
10100000101000101100111101001101000101100100100110
00100011001011011010111010101111001101100011000101
10110101001100100111010100011000000100110110110101
10001011011001110111001110000001111010110001010010
10111011100110011111100111000101111100101000010101
00111101111000011100111110110110011101110100010011
10101101101010100110001110010100001111110111111100
11111011100011101100100111111101000101110010110110
11100110011111101110110111101110101010100101011010
01101001110111110011001111000001101011000111001100
11111011011001110111001110000001000101000100000001
10110011111011101001101001000001100001101000110111
11110011111010111000101110101111011110110011101001
11001111110111111010101001001100010011000110110111
00111101111101110001011100101100100111100101100110
10110111110111101100100000001111101111101101111111
11101110100010100110010011010000101110001011110101
00000001100111000000000011011010101001110111000101
11010110110010011110000111111010100110010011110111
01111011110100110100011011011001110111010000010100
01100101111111001100011100111111010011010011100010
11110100000011001011111110000001010100101110111001
10011111100000010011011000001100001000101101010100
00100111101010001001011011101010010111010101111001
10110101001111110001110000010100000111100000010011
01111010101000001101110001110100000011011111110011
11101011100010111010111101111011010000000110010110
11100101100101110111001100111111010110110101011011
10000001101010000101110011111000001101010100001001
00001001000010010000100011001010001100001010110010
11010010100010111010111010110100011111111101010110
00110100110100111001011001101011011111011110110010
00000011111011111011010110101110111011110010110011
10010110110111010110101110100110111010111100110100
00100100110010010111100110101101111101111011001000
00001111101111101100010111100101110100000111110011
00101101001100100110100000001111110100000101000110
10100011110011100111001110001111100101101101100000
10101010000101110100111111100000111110100000001001
11101111110011100110100001011011111011011001110111
00110000101000111010011111111111111001001110001111
10011010111000101100001011101010011001001111001000
11100011010010100001000101101100111010100111101110
01111101000000000111000101101011011011001110101001
11101110011001111110101011111100101100010010100000
00011110000011001110111100111010000100000001101000
01001001100010000110011111001011011011000001010101
00001011101010111100110110111110010100011001011001
10101101111101111011001000000011111011111011011111
11111011101000101001100100110100001011101000100111
00011000111010101001011101110110101000110110111100
01101110111110011111011000011010101000110100110100
11101111111001100000001101000101111101111011010101
11111001011000100101000000001101010100111101000111
00011011101000100011001011111110001010110111010011
01110101110011110000100010010111010011111011111100
10110111010101010100111101110011001111110111111001
11001010001001100000011010000010100010110011110111
11100111001011111111101010110000101110111001100111
11100101000001110100001011101010000101010010011001
00101111001101011011111011110110010000000111110111
11011001000111000110100101000010001011011001110111
01011010111010011010011000000011011001000100100110
00110101011001010110000010001000001010011010010001
01011000101110100000001101000001011110011011010000
01111100111110111000101110010110111011110110101001
10010011010000101110100110100111001000111000110100
10100001000101101100111010100111100100011100100101
01011011001110111010111000110111010101101010000101
01011011011100011110000110100010011100101010001110
11110111101101110011001111110010000000111110111111
10010000010001000101101100100111100001111110000011
01000000001111111100111011010100001011100100101101
01001011100100101100010000111010101001000000110111
00101110101000100011110111101101110010111011110111
00011011101000110101011001001111111110010011111010
00101110010110010101001001100010011000110110111001
11101111101110001011100101100100111100101100110101
10111110111101100100000001111101111101100010111100
10111001110110111010000000011011000111011010100011
01000100111001100001010001110011100011111001011011
01100000101010111001000100101111000111100101010011
11001011111101010100101110111001011101011011010100
11111011111000001101010100000111100100011100011010
01010000100010110110011101010011110101000100101000
00110001100111000111110010110110110000010101010000
10111011111111100011100001100000011110101000110111
00000101110010110011010110111110111101100100000001
11110111110110101101101010011111011111000001101010
10000011010111010001001110111111001110010100010011
00000011010000010100010110011110111111001110010111
11111101010110000101110111001100111111001010000011
10100001011101010000101010010011000100110001101010
01111101111100000110101010000011110010001110001101
00101000010001011011001110111000101111001011100111
00000010101100101000000110111011001000111110111101
00010110010001000111000101111110111101011100101101
10011111001111101111011100011110101101100111111111
00101100000110111001010011110101000110111000001011
10101101101010011111011111000001101010100000110101
11000101111010100001011011001110111011101100101101
10111010110101110100110111010111100110100011010110
10001111111110101011000110100101101101010110010110
01011111100100000000111100111000000001011110101000
01011100100110100100001001000010010001001011110011
01011011111011110110010000000111110111110110001011
11001011101110111100101100111010101001100011101000
00001111110011000010100011100010000110110010111000
11010011111111111111001001110001111100110101110001
01100001010100111100101111110101010010111011100101
11001011001101011011111011110110010000000111110111
11011001000111001101110011101000001101010100111101
01011001011010000000110100011010101001100011101000
10010011010101001111011100110011111100111110110111
01101110001110111101100100011100011010010100001000
00000110101010010011000100011001010000101000110001
00001101100101110000101110111000110001101011011011
00010110110111010010111001111000010001110011001111
01001111011100101110011100011111001011011011000001
01010100001011101011011010101001100011100101101101
10011101111100111001110001100010101100101110101101
01100100111100011010000010100011010110100011111110
01001110001110011010101000110100110100111001011001
10101101111101111011001000000011111011111011010100
11001001111010000010100010110011110010111111010101
10101000010101010100100110001001100011011011100111
10111110111000101110010110010011110010110011010110
11111011110110010000000111110111110110001011110010
11100100011100111100011010111000110000111001011011
00000111101010011001001111011111100010011111111111
00001101000100111001011000111000111000110100000101
00010110011110100110100010110110011100011111001011
01101100000101010100001010100111101010001101110000
01011101111111111011101000101001100100110100001011
10010111111010101001011101110010111000100110001100
10110001110011101001111100100011011100110011111100
01000111011010010100010001110010100101011011111100
11100110100001011011111011011001110111011101101111
11111101110100010100110010011010001101010011001001
11100000110100000110001111110011000011000011111000
11010111010001001110010100011110111101101000001010
00101100111101111110011100101111111110101011000010
11101110011001111110010100000111010000101110101000
01011100111110110011000101011000111100111001110100
01001110101011111100101100010010100000000110101010
01000010010000100100001001011110100110100010001010
00000000110100111101000001010001100001010110010110
10010100010111010111010110100011111111101010110001
10100110100111001011001101011011111011110110010000
00011111011111011011101111001011001110001011110010
11101011100001011101010100101111011110111100000110
01110100001010100100110001001011111011000011010011
01001110100000101000110010001110101101101101010110
01011010101000001101100101110101101011101000001010
00110000001001101111111111101001101110001110100010
11100101101101001101001110101011001011010000000110
10001101010100110001110100010010011010111011100110
01111110101101101010011111011111000001101010100000
11010101001001100010010110111001100111001110010110
01101011011111011110110010000000111110111110110111
11111110111010001010011001001101000010111001110100
00110000001111101000000110001100010100000000110111
11000011010000010100111001111110011101001011101110
01111101000000000111000101101011011011001110101001
11100111000111110100011010000010100011001000111000
10000110110010011101110000111001110100110100111010
00001011011010111000110001010000000011011111000011
00111011001000010111010001001110100000101000110111
11111110111010001010011001001101000010111010000010
10000100001010001111010100000000101010011110001111
10100000101000001111010000010111100110110100000101
00011010101100101101000000011010001101010100110001
11010001001001101011101010001001011001110011101000
01100000011111010000001101000001010001101010110010
11010000000110100001001001100010001100101101101011
10001011110010111011110000011111101000100111010101
11101111011110010111010100110010011110011100000010
00100000000111101010110010100011111100001100101111
01000101110010110110101001100100111101010110010110
10000000110100011010101001100011101000100100110101
01001111011100101110101000100011110111101101110010
11100111010011000111010000000011110100000111110011
00101111111111000110000110101010111001110101101101
10100000101000110101000111100111001110010110011010
11011111011110110010000000111110111110110111111111
10111010001010011001001101000010111001000100101100
00100010110010011110001101111100101000001111010101
10010110100000001101000010010011000100110001101101
11001111011111011100010111001011001001111001011001
10101101111101111011001000000011111011111011000101
11100101110101101101010100110001110010100001111110
10101100101000111111000100010111000101110010110110
10100110010011110011100011111001011011011000001010
10100001010100111101110010111010111000110001011110
01011100100011100111100011010111000110000111001011
01100000111101010011001001111001100001010001110011
10001111100101101101100000101010100001011101000100
11100000110100000000111101000001010001100100011100
01101001010000100001001001100010001100101101101011
10101011110011011001000111001001010000110101110001
10011111011101001101001101110101111110111101000110
10100110010011110000010110001110011100011110101101
01001010000111111001110001111100101101101100000101
01010000101110100010011100100011101011011010001110
10110110110100000101000101100111100100011100011010
01010000100011001010010111100011000010011110111001
10011111101011100011010101111001101101111000011100
11111101000100111011111100111011101010001101010001
11100011010111011100110011111100011000011111111101
01010000111111011111100111001101001101110001100100
01110001101110110110110010101001000010010000100100
00100011001010001101111100101000110100110100111001
01100110101101111101111011001000000011111011111011
01110111100101100111000111110101101010000101110010
11011011101011010111010011011101011110011010001101
11111001110111010000111010101011100111011100110011
11110011111110100011101100101000101011111100011101
11000011100111010101100101101010100000110110010101
00100110010010111100110101101111101111011001000000
01111101111101101111111111011101000101001100100110
10000101110101011001111101111000010101100011010100
00111001011000110111001000100111111001101000010111
01001101001110111110010100000111100111111101000111
00100111101011011010101111101111100111110110110011
10111011111100000110101100101101110111101101011011
01010011001001101000111010001011100101101100101111
11010101001011101110010111001101110010000000101010
01111011100111101111001100001010101000010101001111
00000100011101011111101101110011110111100110000101
01010000101010011110111001100111111011111100101100
10110000110011011111001000011100000000110101010011
11011100101110101000100011110111101101110010111010
11011010100110010011010001110100010111001011011011
10011100010011111101000110111110010100000111100111
00000000101111010100001011100100110100111100101111
11010101001011101110010111010000010100010110011110
11110101101001010000010101001111001010010111100011
00001010100111101110011001111110101011001010000100
00000110100001010100100110001000110010110110101110
01111111010001110110101101011101111100101000011111
10100010011101111110000011010110010110111011110101
10010011110001101010110010110100000001101000110111
00110011111101110011111010000000001110001011010110
11011001110101001111001110001111101000110101110001
10101011110011011011101111001011001110011100000011
00100010110101111110010100001111110100100111100101
10001001111100000110010010011000100011001010000011
00011000101111010100000001100111000000000011011001
10111110010000000011100111111001011101010111100101
00001011101001101001110011111110100011101100111000
00110001110101010010100001011101001011011001011001
10101101111101111011001000000011111011111011011111
11111011101000101001100100110100001010100111101010
00100101000001100011011111001010000011110011111110
10001110110001011110010111001110000000000110110111
01010110101000010101010000111111001110000111001110
11111001101110111110100000101100100111011001001111
00001111110100000101101100110111111011111111100011
10001011000010101001001100010011000110110111001111
01111101110001011100101100100111100101100110101101
11110111101100100000001111101111101101111111111011
10100010100110010011010000101110001011110101000000
01100111000000000011011010101001110111000101110101
10110010011110000111111010100110010011110100000101
00010110011110111110010100011010011010011101111100
10100000111100111111101000111011010100110010011110
10001110001101110100010000000111111011100111110100
00000001110001011010110110110011101010011110101000
10010110111010100101110101011110011011001110000001
10101101101000001111111001011011101000000011011100
11001111110101000010111001111101110100000011011111
00101000001111011111100111011101000011101010101110
01010010011000100011001010001100010011100111100100
00111000001110110111101110100011000100010101101110
11110011100110001011101011110110010110101111001100
11111110111100100111101010001001011011101010010111
01001101011010111111000110011000011111101011011011
00010000100010010100010011100000100111011101010011
11000101101101110100101111101011011101001011000000
01111110100000101000110001110110101010010100101110
10011010011100111111101000111011001000101101011111
10010100011010010110110010110011010110111110111101
10010000000111110111110010010011000100111001111001
00001110000011101101111011101000110001000101011011
10111100111001100010111010111100100111101110110111
11110011111010111000101110101111011110110101011001
01100101111110111101000101101100111011101010011011
00110100001001111011101010110101000010101010000111
11101000001010001100111111101000111011010011010011
10010001011111101111010111001011001011101001101001
11001001011001110101010000111000100110010100101011
01111100101000001101011101010001101110000010110011
11110100011010000010100010110011110101011001011001
01000011010001101110011001111110111110010100001111
11010111000110100010011101011011010100111110111110
00001101010100011011111110011111010111000101110101
11101111011010101111001000111111111010110111010110
01010100100001001000010010000100010101101001100000
10100000111101010110010110101010000011011011010110
10111010000010100011010110100011111111101010110001
10100110100111001011001101011011111011110110010000
00011111011111011010010110110010000000110100011101
11101100010100011101111010000010101001001100010000
01100000101000111000111010100101110001011110010111
00101001011001101000101101101000001011110100011000
00010011011010100001010101101110100000001101111100
10100011010011010011100101100110101101111101111011
00100000001111101111101101010111100110110011100000
01101111010110110010010100000111111010001001110111
01100011111001100111010001101001101001110010000000
11010001110111101100010100011101111010000010111010
11010101011111100000101010011110101101101010111110
11111001111101101100111011101110011000100110110110
00100001110010100111100111100011111100110000101010
11011100101100100111101111010010110000111101011011
00000101010101001111011100110011111101111010011010
00111001010001111010100100100010000001011000000000
01000010010011000100011001011011010111010110101110
11111111100011100010111010111111011110111000111111
00111001110100000111111100001101010011001001111001
11001100111111001100111011101111110001001111111111
10000010011110101000100101100111011100011000110010
00100100110001101010000111110111100110000001111100
11100011110000110100010011101000001010001100110000
01110111101000101110100000001100001010011010010001
01011000010111010011010011100101100110101101111101
11101100100000001111101111100100100110001000110010
10001101010110010110010110001110011010001101010110
01010001111111110001110110101100101101101000100111
01001100000101000001101011101001011011001011001101
01101111101111011001000000011111011111001001111010
00001010001101111110011000010101011111100011000110
10001001110011101111010110110110111101011010010100
00010111011100110011111101010011001111101111010011
01000100000110101010011110111001100111111010000010
10001100000010011011111111001010111111000110001101
00010011100110000011101111010001011101000000011010
10110010110100000001101000110010111111010101001011
10111001011101010101110010111000000001101110001111
10111101111001110011011011001110111010101111001101
10111011110111101100010111101010000000110111011001
10000011101111010001011101000000011010110100011111
11110101011000110100101101100100000001101000111011
11011000101000111011110100000101010010011000100110
00110110111001111011111011100010111001011001001111
00101100110101101111101111011001000000011111011111
01101010111100110110011111011010100111111101111111
00011001011111000000011111111011111111101000100000
00011011001010100111101110010111011111001010000011
01011101001101001100000001101100101111111000011001
11111010001011010000001101001011011010000010100010
11001111011111100101100101100000101110111101110100
00001101110100011001101011011101001011000010011110
00000100110111111110010101101101100111011101000001
01000010000101000111101010000000010111010001001110
01110001111011111000011011110101101110100101100011
01010001001011011101010010111010101111001101101011
01101000000001110100100000110001101010001101110000
01011101000001010001101111110011100101111111110101
01100010111001011011010011010011100100000011110111
01000100101101011011001001111011101100010110010011
01000100101100001101000001011110100011000110000111
01111110111101110100000001011100101111100000001111
11010010000100100001001000010001110011101110011110
11110011000010101011101000001010000101000110101010
01011110111101111000001100111010000101010011110011
10110011010000000001101100100000001101000010101001
11100101100110101101111101111011001000000011111011
11101101111111111011101000101001100100110100001010
10011110111001100111111010101101110100001011111101
10010110011010110110001000011100111010010011011101
11100110101100100111111101000101110010110010111011
10001100011010001110010010101011011001110111001011
00000011111101011101000100111000110000111011111101
11101110100000011010000010100011011111001010001101
00110100111001011001101011011111011110110010000000
11111011111011011100110011111101111110011100110000
00101011000110111110010100000110101010010011000100
11101001110011010000000001101100100000001101000010
11101110001110011111100110011111101000001010001101
01000110010011111100111111011100011000110101101000
11111111110000010000000110100010110110011101110001
10000111011111101111011101000101110010110010111010
00100111011100111101111001100001010101110101101010
10111111000001011100101111110101010010111011100101
11001000101101011011011010100110010011010001110100
01011100101100100111100111110110101101101101010011
00100110100011101000101110010110010011110001011110
10000001100101111111000000101010010101001111011100
11001111110111111001110111010000111010101011100101
00100110010010110010010011110000001001101111001000
11111111110000010011110100000101000110001000011101
11111000111001111111000111001101100010000010001101
01110010110110001001011101011011101101110001110111
10110010010111000001110100001011101010000101110001
00010110101100011001001011010010010111001001011100
10001010010000001101110011001111110001001011101011
01110110111000111011110110001001011011100011010010
10000100001011100010001011010110001100100101101001
00101110001001011000100010100100000001001111010100
01001011011101010010111010101111001000000110101101
10100010011101010011001001110101000110101101101100
01000010001001010001000010001000001011010011110111
01011010001101000100111000110000111011111101111011
10100000011010010110111101011011000011011111111110
11101000101001100100110100001011101110011001111110
00001100101111110001100011010000010111101000110100
00010100001110011101110001100011001011110101001000
11011100110011111101010011110101100111101010011001
00111101111100101000001101010100100110001000110010
10001100010010111001001011100100010111000110000010
00001010111110101100110000101110010110011010110111
11011110110010000000111110111110110111111111101110
10001010011001001101000010111010001001110100011100
10010100001100100000011100101111110001100001011101
00010011101010110010100001110001110100011010111111
01111000001110111101111011010101100101101000000011
01000010011110010111111010101001011101110010111000
10111101000000110010111111100000010101001011101110
01100111111001111101101011011011010100110010011010
00111010001011100101100100111101110011001111110100
01001110111111001110011000000101011000110111110010
10000011110111111001110111010000111010101011100101
00100110001000110010100011000100101110001001011000
10001011101110101101000010111010001001110111111001
11001010001001100000011010101100101000111111000100
01011100010111001011011010110110110100000101000110
01111101101110110111000111011110110010001110001101
00101000010001101110011001111110111111001100010100
00000011010001101111011100011011101000110100000010
10100101110101011001010001111111110011010110000101
11010100100111001010001101110011100011111001011011
01100111011101000001010001011001111001111100101000
10110110111001101000110111111100101011011100010111
00101100100100001001000010010001001011110011010110
11111011110110010000000111110111110110111111111101
11010001010011001001101000010111011100011000110111
01111001011001110100011100100101010110110011101110
01011000000111111010111010001001110111001111011110
01100001010101110100000101000010100011010101001011
11011110111100000110011101000010101001001100010010
11011100110011100111011111111110111010001010011001
00110100001011100010111101010000000110101101000111
11111110000010000000110100000001111110111111100111
11010111010110110000101110100010011101010110010100
00111000111010001100100010110101101101101010011001
00110100011101000101110010110110111001100111111001
11110110101101101101010011001001101000111010001011
10010110010011110010111111010101001011101110010111
01010011110101011000001000100101010010100010101010
01010101101100111011101111110011100101110100111110
01000010101001111010100011110001101101011011001110
11101111011100111000000111100101110101001100100111
10101001111011110010100011010101100101101000000011
01000010011110111001100111111010000010100011000110
00010001001101000011101111011010011010011100010111
10001101000101001111110111101101010110010110100000
00110100001001001100010001100101000011100111000101
11101010000000110111011110010110011101011011010000
01110010111111111010101000011111101010010001110100
01111100011000010111010001001110111111001110011000
00010101100011011111001010000011110111111001110111
01000011101010101110010100111100101111110101010010
11101110010111010110100011111100111001101000000001
11111001111111010001110110000011010101001101110011
11111100010111001011001001111011111100111011101000
01110101010111001110010100010001000101101100111010
10101001111011100110011111101000001010001101110011
10001011111101011100001110011101000100111001111000
11110000100000011011111001010000011110011111110100
01110010010011000100110001101101110011110111110111
00010111001011001001111001000111001100111001110111
11111110111010001010011001001101000010111011100011
00011010100011001001101001010101101100111011101000
10011101110011110111100110000101010111010000010100
01101011010001111111110101011000110100110100111001
01100110101101111101111011001000000011111011111011
01001011011001000000011010001110111101100010100011
10111101000001010100111100101111110101010010111011
10010111010110110100000111001011111111101010110110
11001110111010001001100111110010111010001001110001
01000111101111111101111100101000001101011100100011
10011011100111010001101000001010001011001111001011
01010011000000011011010001011010000001101110011001
11111011111100111001101000010110111110110110011101
11000110000101100111111000111010100001011101010011
00100111100100000001101000111011110110001010001110
11110100000101110010111111011111111111110010011100
00100100001001000010010000100111001101110100001011
11110110010110011010110110001000011100111010010011
01110111100110101100100111111101000101110010110010
11101110001100011011101111001011001110111111111101
11001110011011011001110111011101100011100111110000
11010110110110111001111011110011000010101011011011
00111011101000001010001101010100101111011110111100
00011001110100001011101001101001110010110011010110
11111011110110010000000111110111110010010011000100
01100101000011100111011100011000110101000110010011
01001010101101100111011101000100111000111110101101
01000110111010100011110001100001100000101010111011
10011100010011111101000110100000101000110001110110
10101001010010111010011010011100101100110101101111
10111101100100000001111101111101101111100101000010
01111011111100111001101000010110111100011000001111
11111010101111010001011100101101101110011001111110
10000011111010110110101101100111011101001011011001
11110110111011011100011101111011011110101110000000
01111101010101110010100111101110011001111110111001
11110100001001101011110100000011010100110010011110
10000010100011000111011011101001011000010111010011
01001110111110010100000110101010010011000100101110
10110111011011100011101111011011110101110000000011
11101010101110011101111110011100101110100111110010
00010111011100011000110111111111000111000101110101
11111011110111000111111001110011101011010001111111
00100111000111001101000010011110111001011101000001
01000011100111000101000111101111111101111100101000
00110101110100010011101010100111011100010111010111
10111101111001110011100001010000111011110111110111
01000000110101101101010011001001101000111010001011
10010110110100101101100101100110101101111101111011
00100000001111101111100100111101111110011100110000
00101011000110100000101000101100111101111110011101
11010000111010101011100101001111011100110011111101
11110010100011001011001101011011111011110110010000
00011111011111011000110000101111111100101100101101
10111000111100111001010010000100100001001000010011
10110010011001010010101011011001110111010001001110
10000010100011010100111111010001111100011000010011
11010000010100011000111001111100001101001101001110
01011001101011011111011110110010000000111110111110
11010110110110010110011010110110001000011100111010
11010111011110101101001010000111100111001110100010
01110101011001011010001011011011111000011010001001
11000010100001001111101010000000010010011000100010
10111110100001110011010101000010111010110110110100
00001010100101011010011111010010111010111001010011
11001011111101010100101110111001011101010000101100
11100011111011101111011000110001110111101011100001
11001110010010110100100000111000100000110001000000
11011100110011111101110111110011101010000000110100
00000111111000110001110111101011100001110011100100
10110100100010100100000110001000000010011110111000
11000110111101011010010100001111001110011101000100
11101000001111100110010110100110010011010001101000
00101000110101000111100111001110111111000100111111
11111000011010110110100000000111110101011000110100
10110110010110011010110111110111101100100000001111
10111110010011110101010011000111010001011011001110
11100100010010011000110101101000010000000011010110
11101000000011011100110011111100000110011101111001
11011011011001110111000000100110111111100000111011
00001101010100001010100100110010010110010010011110
00000100110111100100011111111110000010011110001000
00111000100000110110010110011010110111110111101101
11111111101110100010100110010011010000101110111000
11000110111011110001100011100111101110011100000100
00000011011101101101100111010100111101110111101111
01001101000110110110011101110111110010100000110101
11010001001110101101101000000001111101010110001101
01000110111000001011100001110101010010111010011000
00101000001111010110110110101000010110011100011111
01110111101101010001100100111111001111010101001001
10001001100011011011100111101111101110001011100101
10010011110100000101000110111110010100011010011010
01110111000111000101110100110111010110111110111101
10101101101000000111101111010110111010000110101010
00110010010110100100010100100110000100000011010010
11011001011001101011011111011110110010000000111110
11111011011111111110111010001010011001001101000010
11101011010111011110101101001010000111100111001110
10001001110101101101010100110001110010100001001111
01010001101110000010111000100010100100110011001110
00000101101100111011101111100101000011111101000100
11101111110000011010110010110111011110101100100111
10001101010110010110100000001101000010011110010001
00101111000001111101000000110101011001011010000000
11010000100111101110011001111110101101000111111001
11001101000000011011111001010000011110000001001101
11111100000111011000011010101000010101001000010010
00010010000100010101101001100000101000001111010000
01100001100111111010110101110100000101000110101101
10101010011000111001011011011001110111010100110011
01011111100101110100101101101111110011101110100001
11010101011100111011100110011111100111111101000111
01100101000101011111100011101110000111001010010011
00010001010101110111110010100000110101110011100000
01010110010100000011001000100100110001101110101000
11110001100011010011010011101000001010001100011101
10101010010100101110100110100111001011001101011011
11101111011001000000011111011111011011111001010000
10011110100000101000011100111011100011000110111101
01101001010000111100111001110100010011100111100001
00011100110011111100111010011000111010000000011110
10101100101101000001110011111011010011010000000001
11101000001010001011001111001111111010001110110111
00110011111100100010010011000110100000111110011001
01111111111000110000110101010111001110101001001110
01010001100101100110101101111101111011001000000011
11101111101101111111111011101000101001100100110100
00101010010011000100011001011011010111010101100111
11101111001111110111100001110011111101000100111010
00001010001100111100010100000001111010011111110100
00000110100011010011010011100110000101000111001011
00110101101111101111011001000000011111011111011011
11111111011101000101001100100110100001011101000001
01111010001101111110011101110010011101110001011001
00111100011011111100111011101000011101010101110010
10011110010111111010101001011101110010111001111000
10101000011010000011111011110101100100111100001111
11001011001101011011111011110110010000000111110111
11011011111111110111010001010011001001101000010111
01000001011110100011001111100111001101001100011000
11000111100111001110100101101101110110101010000110
10000011111011110110111011111010000010110010011101
11000011100111010001001110101011001111101111000010
10110001101110011001111110010110001001001100011011
11100101000001111001111111010001110010010000100100
00100100001000110010100011010100111111010001111100
01100011010011010011100101100110101101111101111011
00100000001111101111101101110111100101100111000101
10011111001111010111010000010100011011111110011000
00001101000101111101111011010100110010011110011101
00110001110100000000111101111111001010110111000101
11010000000110101101000111111111010101100001001001
10010010111100110101101111101111011001000000011111
01111101101010111100110110011100000011011111001010
00011111101000100111011111100111001010001001100000
01100101100110101101111101111011001110110011001011
11010011110010111111010101001011101110010111000111
11010110101101101100111011101110101000111100011000
01100000101010111011100111000100111111010001101011
01000111111100100111000111001101000110101101010101
11111000001010100111100100010010111000101111110101
10010011111011011001110111001011111101111111111111
00100111000110101001100100111101010100101111000111
01110001110011100011110000110101011110111110010100
00101010011110111001100111111010100110010101100000
00011101101100111011100111011111010010111000111011
11011010101100110011111110000011111010001011100101
10010010011001001011001001001111000000100110111100
10001111111111000001001111001011001101011011111011
11011001000000011111011111011011111111110111010001
01001100100110100001011100010111101010000000110011
10000000000110110111110010100001111110100010011100
01111101011010100011010100111111001100111101011101
01001100100111100111110110101111001011000000001111
00011000111101011000101001110000101001101001100100
11100001010100111101111110011100101000100110000001
10000011010100001011001110010110010000000110100011
10111101100101111110010110001110101101101110011100
01011111101011100001110010100111101110011001111110
01011111101111111111111001001110001100100011100011
01110110110110111011110101100100111100001111110101
01100101000010001111100110101110001011000010101001
00110001000101010111001011001101011011111011110110
01000000011111011111011010101100101101000101101101
11110000010111010001001110000101000010011111010100
00000010011110101110001101011010111010110100011111
11001001110001110011010001101000001011110100011010
10001000110001011110001101100000101010111010111000
01011101111111001100000001101000101111101111011010
10011001001111001110110011001011111101010001001011
01111110000110111001111011110011000010101011011011
00111011101011100001011101010100101111011110111100
00011001110100001010100100001001000010010000100110
00110110101011001011010101111101111100101101110010
11001001111001011001101011011111011110110010000000
11111011111011000101111001011100010111100111111011
10110111111001110011010011001111110011001111110111
00110011111101010011110001100100010000110001110101
01001011011011001110111010110100011111111101010110
00110100101101100100010010111100000110110110101011
00101000010001111100110101110101111010001011100101
10010011110101011111101111010001111100011000010011
11011111110011111010111000101110101010101001111011
10011001111110100000101000110000101011001011010010
10000111001010010011000100110010001100010111100101
11010000011111001100101101001100100110100000001111
11010000010100011010100011110011100111011111100010
01111111111100001101010110010110011000010101100011
01010001101110000010111000011101010100101110100110
00001010000011010011110001100001010010111101111110
00011111101111111001111111111110111101110001111010
10111111011110100011111000110000100111101110011001
11111010110110101001111101111100000110101010000111
11101111111001111101011100010111010111101111011001
11110110101101011001111110001101010001101110011001
11111001011001101011011111011110110010001001101000
00000100000001101000010101001001100010000011110010
11011111100001100101100110101101111101111011001000
00001111101111101101001101001101001000001101011100
10001110011001110011100111000000011000010100110111
00001010100111101011100011011101111001011001110111
11110010101000010111001011011011101011010111010011
01110101111001101000110101010010111101111011110000
01100111010000101010011110101101101010111110111110
01111101101100111011101000001010001100101111111001
10001110011111101001101001110010001011010110110110
10100110010011010001110100010111001011001001111011
11111001111101011100010111010111101111011011111110
01111101110001110110010011111110100010111001011001
00111101111110011101110100001110101010111001110101
01100101101010100000110110010101001111011100110011
11110011000001110111101000101110100000001101011010
00111111111010101100001011101001011011001000000011
01000111011110110001010001110111101000001010100100
11000100010101111011110011000010101011011011001110
11101000001010000101000110101010010111101111011110
00001100111010000101110001100000100000101011111010
11001100001011101000001010001101010110011001111111
00000111110100010111001011011010011010011100111011
00110100000000011011001000000011010000101010011110
01011001101011011111011110110010000000111110111110
11011111111110111010001010011001001101000010101001
11101010110111010000101111110110010110011010110110
00100001110011101001001101110111100110101100100111
11110100010111001011001010100111101110011001111110
10110110011111011101000010110111111111011101111001
01010010011000100001100011100111010100011001001101
00101010110110011101110100010010111010001000001010
00001101001111010100010001101010111100110110000011
00101111110001100011010000010111101000110010110011
01011011111011110110010000000111110111110110101101
01110111110010100001111110101101101101110110101000
11110011100111010000010111101000110011100000001100
00101001101110000101110010110011010110110001000011
10011101110011001111110111111001110010100010011000
00001011101000001010001101010110010100001000100101
10110011101100110010111101001001100010001100101000
11010100111111010001111100011000110100110100111001
01100110101101111101111011001000000011111011111011
01011010111011111001101010100000111000111010110110
01001111001110001111101000110101110001101011010111
01010111110000111000111101000001011110100011010111
00011010100011011111101111011010101100101101000101
10110111110000110100010011101111111111011100111001
11011101101010100001101000001111101111011000111001
11110000110101101101101001111110001111011110101110
10000000010111010100110010011110011100100011100011
01011101000100111010101100101000000010010000100100
00100100001000101010111010100010001100110111010100
00101101110111101000000110100000101000110011111011
01110110111000111011110110111001110100001001111010
11100011010110101110000010101010000110100010111110
11110110100000101111010001101010001000110011110001
01000000011110100111111111011101101010100111011100
01011101011110111101101111100110011110000011010110
00111001100111110110110011101110100110100111001011
00110101101111101111011001000000011111011111011011
10011001111110101110000101110101101000111111111010
10110000101010010011000100000111100011001100000000
11111101000100111001110000001101110101000111100011
00011010011010011101000001010001100011101101010100
10100101110111001010101100110101101111101000000011
11110101000110111000001011100101100110101101111101
11101100100000001111101111101101111100101000010011
11011100110011111101010001000110011000000001111110
10001001110100011100100101000011001011000000111111
01011101000100111011111100111001100000010101100011
01001111110001101010001111010100000000101110111001
10011111101001100000101000001101010100100110001000
10110001101000001010001100101111001000000110100010
11010000000100111101010001000110010100101100111111
01111001111110111011110010110011100011000101011001
01110101101011001001111000110100000101000110111111
10011000000011010001011111011110110100110100111001
01100110101101111101111011001000000011111011111011
01000100111001110000011101101100111011101110011100
01001111110100011011111110010101101110001011101000
00001101010100101111001100111010000100111101110011
00111111010100010001100101001011001111110111100111
11101111100101000110101110001100011000010111111110
01011001011011011100011110011100111010001001110101
01100101100110000101011000110101000110111000001011
10100110000010100000110101010011110010100101111000
11000110101101111000111001010100111101110011001111
11010100011001001101001010110100010011010001111000
11011110101110111011001110000001000100000000111101
01000110010011111100111101001001100100101111001101
01101111101111011001000000011111011111011010110101
11011101101111111001101000100000111010011111101111
01101000100110011111001001111011100110011111101011
10001101011010111011111011111111010001001110111110
01011101000100111001111000101011011011110001100010
11001101000111010100010001101111100101000110101110
00010010000100100001001000010011000110110111001111
01111101110001011100101101101000100111010000010100
01100100000011100101111110001100001011101110111100
01100011100111101110011100100000001101000101110010
11000001111010011110100000101000001100011010110101
11011101100111010011100110100011011011001110111001
10000000011111101010011001001111001000000011111011
11101101111010111000000001111101010101110011100000
11111111101010111101000101110010110110101101101100
10110101001011001100111110010111011100110011111101
11110011010111010000000001101011011100010110000101
01001001100010010110000011111011111011011110101110
00000001111101010101110011100000111111111010101111
01000101110010110110101011110011011000101000111101
11111110011100110011111100110011101110111111000100
11111111111000011010001001110011110001010000000111
10100111111111010000010100011001010100101010111111
01111001011101000001010000111001110011000000001111
11010001001110101010011101110001011101011110111101
11100111001110000101000011101111011111011101000000
11010110110101001100100110100011101000101110010110
11010010110110010110011010110111110111101100100000
00111110111110010011110101101111000011010001011101
00101110011100100010110101101101101010011001001101
00011101000101110010110110111001100111111001111101
10101101101101010011001001101000111010001011100101
10010011110111001100111111011111001010001100101100
11010110111110111101100100000001111101111101100011
00001011111111001011001011011011100011110011100101
00100110001001100100011010101111001101101110111100
10110011100010100011110111111110100010011101111110
01110010100010011000000110011111011011101101110001
11011110110101011011100010110010011110000110010100
10110111111110100111101000000111010101001011011011
00111011100111001100111111001100111011101111110001
00111111111110000110100010011100011000010111111100
01010110001101000001010001100011101101110100101100
00101110111001100111111011111100111011101000011101
01010111001110100110100111010011000001010000011010
11101001011011110101101100000100100110001000011000
11100111010110110101000000001011000101101100111011
10101101101100100000001111101111101101111010111000
00000111110101010111001110000011111111101010111101
00010111001011001001111010100010001101010111100110
11000001000111111100110100010000011110100000101000
11001100000010011011000110011101000011000000111110
10001011100101101101000100111001101110101000010110
11101111010000001101000001010001100111110110111011
01110001110111101101010001100100111111001111110101
00011011100000101110101011001011010100110110111100
00110101010001101110011001111110101101101000000011
10100111011100001110010100100001001000010010001001
01100101101101110111101111001110010100111101011100
01101011010111010110100011111110010011100011100110
10001101000100111000110001010110010111010110101100
10011110001101000001011110100011001011001101011011
11101111011001000000011111011111011010110101110011
01001100011011101100101111110011100001011000101110
00111110100000011010100110010011110001100011101111
00010001001010001100100111111001111110101101101000
00000111110101011000101110010110010101001001100010
00001111001011011111100001100101100110101101111101
11101100100000001111101111101101010111100110110001
01000111101111111101111100101110100010011101010110
01011001100001010110001101010001101110000010111010
01100000101000001101010100111101011100011010110101
11000001010101000011010001011111011110110100000101
11101000110101000100011011101111001011001110010001
11010110110100011101011011011010100111101010100000
10001001000100100100010010100111101010100011000110
00111101110100010111001011001010010110111111110101
11011100110011111100000110011101111001110100011010
10001101110000010111010011111100011110101011001010
00010001111100110101110001011000010111010011010011
01001111101011011000001001001100010000110001110011
10011100011101111011100110101011011011001110111010
01111110001111010010110111101011011000011011100110
01111110100110100110100111110101101100001101111010
11101000000001010100111101010001000110101011110011
01100000110001000011011001011100111010000010100011
00111000000011000010100110111000010111010011010011
10010110011010110111110111101100100000001111101111
10110101000100101101111110000110111010100001001101
10111110110110011101110101110000101110111111101110
00101001111011110111100101010010011001001011110011
01011011111011110110010000000111110111110110001011
11001011101000001010001101111111001100000001101000
10111110111101101000100111000001100011101110101001
01110100111111000111101111010111010000000010101001
11100111000111110100011010111000110101101011101111
10111111110100010011101111100101110100010011101111
10010100011010111000110101101101101110110101000111
10011100111010000010111101000110000011000101111001
10101010000101110100111111000111101010001000111101
11100010001000111000000101101100111011101110011001
11111001011000001100001100111011000001010000110010
11101001111110001111010101100101100110000101011000
10111001011001011101010001101110000010111010011000
00101000001101010100100
